100 25.9768199777279 18.5557334227404 98860.8256401324 1.1513605053708
 300 24.3225346172933 18.2307348427841 96601.8563285949 1.13130849156337
 500 22.7278614178634 17.9003126778919 94382.2290681475 1.11127158038676
 700 21.1708755266561 17.565590314297 92201.9142274287 1.09134313200572
 900 19.6418334092467 17.2271574283059 90060.6990024335 1.07156569831851
 1100 18.1349769340681 16.8854074950182 87958.2871023326 1.05196460059066
 1300 16.64642660277 15.8364586344123 85894.3325559737 1.0325567548346
 1500 15.1733568806157 14.2353441000272 83868.4562029882 1.01335420028182
 1700 13.7135998187993 12.6430181661847 81880.2552620353 0.994365831635503
 1900 12.2654286047517 11.0582540151798 79929.3095003664 0.975598365521482
 2100 10.8274284489241 9.48003849212056 78015.1855072133 0.957056929716885
 2300 9.39841437652342 7.90751567433296 76137.4398111087 0.938745446772041
 2500 7.97737618234783 6.3399490544869 74295.621244542 0.920666896774609
 2700 6.56344006552405 4.77669514679086 72489.2727930702 0.902823504770906
 2900 5.1558409996382 3.21718444021752 70717.9330767097 0.885216878948216
 3100 3.75390228415699 1.66090726231177 68981.1375602133 0.867848115363986
 3300 2.35702005732054 0.107403031903674 67278.4195578692 0.850717879195176
 3500 0.964651332221479 -1.44374808538128 65609.3110788882 0.833826469044775
 3700 -0.423695405477019 -2.99293177838406 63973.3435466224 0.8171738687269
 3900 -1.80846769863041 -4.54050490189481 62370.0484161802 0.800759789603191
 4100 -3.19007518297479 -6.08679981774725 60798.9577089787 0.784583705657192
 4300 -4.56889454825807 -7.63212799541938 59259.6044784793 0.768644882895697
 4500 -5.94527364006098 -9.17678304092236 57751.523218238 0.75294240425339
 4700 -7.31953488367333 -10.7210432801798 56274.2502210928 0.737475190886185
 4900 -8.69197816689865 -12.2651739929285 54827.3238965741 0.722242020529789
 5100 -10.0628832864743 -13.8094293714666 53410.2850522947 0.707241543447442
 5300 -11.432512039159 -15.3540542627803 52022.6771440508 0.692472296377675
 5500 -12.8011100209453 -16.899285740977 50664.0464985578 0.677932714807914
 5700 -14.1689081845867 -18.4453545483906 49333.9425121047 0.663621143834992
 5900 -15.536124195509 -19.9924864374053 48031.9178279004 0.64953584782379
 6100 -16.9029636183778 -21.540903440415 46757.5284944701 0.635675019036398
 6300 -18.2696209605196 -23.0908250920264 45510.3341071207 0.622036785373668
 6500 -19.636280593624 -24.6424696253398 44289.8979342176 0.60861921734681
 6700 -21.0031175713737 -26.1960551627477 43095.7870297832 0.595420334377284
 6900 -22.3702983576331 -27.7518009210365 41927.5723337349 0.582438110507617
 7100 -23.7379814773937 -29.309928450617 40784.828760919 0.56967047959305
 7300 -25.1063181007106 -30.8706629294074 39667.1352799574 0.557115340033519
 7500 -26.4754525682594 -32.4342345332661 38574.0749828117 0.544770559096875
 7700 -27.8455228658257 -34.0008799069764 37505.2351458636 0.532633976877187
 7900 -29.2166610539556 -35.5708437627047 36460.2072832305 0.520703409925989
 8100 -30.5889936580927 -37.1443806367364 35438.5871929558 0.508976654589381
 8300 -31.9626420237791 -38.7217568403191 34439.9749966514 0.497451490079716
 8500 -33.3377226408647 -40.3032526468838 33463.975173115 0.486125681307032
 8700 -34.714347440143 -41.8891647661242 32510.1965863906 0.474996981492354
 8900 -36.0926240653823 -43.4798091658567 31578.2525087026 0.464063134582446
 9100 -37.4726561233396 -45.0755243159089 30667.7606386518 0.453321877483327
 9300 -38.8545434140245 -46.676674945336 29778.3431150296 0.442770942127969
 9500 -40.2383821431973 -48.2836564262065 28909.6265265745 0.432408057391946
 9700 -41.6242651188539 -49.8968999256265 28061.2419179715 0.422230950869339
 9900 -43.0122819332401 -51.5168785047569 27232.8247923658 0.412237350519964
 10100 -44.4025191317632 -53.1441143923792 26424.0151106457 0.402424986197876
 10300 -45.795060370014 -54.7791877253739 25634.4572877254 0.392791591070144
 10500 -47.1899865599793 -56.4227471354032 24863.8001860458 0.383334902934048
 10700 -48.5873760064088 -58.075522678979 24111.6971064892 0.374052665440064
 10900 -49.9873045341962 -59.7383417698864 23377.8057768958 0.364942629227386
 11100 -51.3898456075484 -61.4121489978717 22661.7883383517 0.356002552978097
 11300 -52.7950704416351 -63.0980310346857 21963.3113294086 0.347230204395601
 11500 -54.2030481073425 -64.7972482828109 21282.0456683845 0.338623361112439
 11700 -55.6138456296958 -66.5112755838449 20617.6666338819 0.330179811532198
 11900 -57.0275280804572 -68.2418552854769 19969.8538436557 0.321897355609854
 12100 -57.738573126221 -69.1168095122609 19338.2912319492 0.312746031593399
 12300 -57.748124258938 -69.1255005182958 18724.6835179629 0.302835967087922
 12500 -57.7577644502349 -69.1342726214084 18130.5193505364 0.293239621092517
 12700 -57.7674945306237 -69.1431265789609 17555.1832139529 0.283947069237261
 