50 16.303030832705 16.2385162007413 99412.4551214871 1.19784888585704 289.940779088841 0.0118226293358802
150 15.850811596614 15.7899264566954 98243.1805126401 1.18599333401448 290.46805236522 0.0116190210063279
250 15.396368791207 15.3390196629245 97085.4865137802 1.17423907956333 290.995189797456 0.0114163909654278
350 14.9396582168515 14.885750804687 95939.274076927 1.16258546040245 291.522141798092 0.011214758336597
450 14.4806346951129 14.4300738588952 94804.4448019211 1.15103181789706 292.048857258771 0.0110141426683579
550 14.0192520506004 13.9719417750256 93680.9009330318 1.13957749686196 292.575283511998 0.0108145639422114
650 13.5554630930943 13.511306456286 92568.5453555821 1.12822184554316 293.101366292592 0.0106160425803861
750 13.0892196000337 13.0481187411188 91467.2815925925 1.11696421559777 293.627049698913 0.0104185994534296
850 12.6204722994545 12.5823283851288 90377.0138014454 1.10580396207215 294.152276153946 0.0102222558876029
950 12.149170853472 12.1138840435331 89297.6467705721 1.09474044337801 294.676986366345 0.010027033672037
1050 11.6752638424146 11.6427332542379 88229.085916164 1.08377302126641 295.20111929155 0.00983295506560495
1150 11.1986987497256 11.1688224216612 87171.2372789107 1.07290106079937 295.724612093092 0.00964004280345863
1250 10.7194219477591 10.6920968014278 86124.0075207671 1.0621239303191 296.247400104241 0.00944832010317594
1350 10.2373786846084 10.2125004860764 85087.3039217518 1.05144100141438 296.769416790132 0.00925781067045692
1450 9.75251307211914 9.72997639193345 84061.0343767804 1.04085164888414 297.290593710559 0.00906853870430417
1550 9.26476807524961 9.24446624731613 83045.1073925355 1.03035525069782 297.81086048361 0.00888052890161534
1650 8.77408550295871 8.75591058224882 82039.4320843775 1.01995118795242 298.330144750368 0.00869380646111053
1750 8.28040600081357 8.26424871988633 81043.9181732998 1.00963884482589 298.848372140888 0.00850839708651048
1850 7.78366904552576 7.76941876985632 80058.4759829304 0.999417608526588 299.365466241721 0.00832432698887398
1950 7.28381294164359 7.27135762375127 79083.0164365865 0.989286869238638 299.881348565255 0.00814162288799753
2050 6.78077482064219 6.77000095301565 78117.4510543842 0.979246020062735 300.395938521165 0.00796031201276995
2150 6.27449064267364 6.26528320949455 77161.6919504084 0.969294456952225 300.909153390317 0.00778042210036909
2250 5.76489520125904 5.75713762893066 76215.6518299484 0.959431578644039 301.420908301465 0.00760198139417844
2350 5.25192213122136 5.24549623771358 75279.243986804 0.949656786584197 301.931116211152 0.00742501864029229
2450 4.73550392018268 4.73028986321119 74352.3823006667 0.939969484847503 302.439687887206 0.00724956308247084
2550 4.21557192396529 4.21144814802925 73434.981234584 0.930369080051079 302.946531896309 0.00707564445539511
2650 3.69205638626329 3.68889956857329 72526.9558325102 0.920854981261351 303.451554596107 0.00690329297606512
2750 3.1648864629675 3.16257145830385 71628.2217169535 0.911426599894119 303.954660132397 0.00673253933317249
2850 2.6339902515528 2.63239003610342 70738.695086723 0.902083349607292 304.455750441944 0.00656341467427189
2950 2.09929482595413 2.09828044019129 69858.2927147865 0.892824646185923 304.954725261517 0.0063959505905638
3050 1.56072627738314 1.5601667680492 68986.9319462432 0.88364990741911 305.4514821438 0.00623017909909475
3150 1.0182097615525 1.01797212283721 68124.5306964231 0.874558552968393 305.945916480827 0.00606613262216993
3250 0.471669552797778 0.471618666802423 67271.0074491187 0.86555000422724 306.437921535663 0.0059038439637668
3350 -0.0789708943983101 -0.0789723178000592 66426.2812549592 0.85662368417124 306.927388483082 0.00574334628273
3450 -0.633788875958885 -0.633880359738249 65590.2717299373 0.84777901719865 307.414206460007 0.00558467306252162
3550 -1.19286236031144 -1.19318572123808 64762.899054096 0.839015428960948 307.89826262655 0.00542785807729563
3650 -1.75626990149004 -1.75696931126219 63944.0839703879 0.830332346183073 308.379442238473 0.00527293535406225
3750 -2.324090542698 -2.32531258907025 63133.747783715 0.821729196473112 308.85762873196 0.005119939130705
3850 -2.89640370978498 -2.89829745749459 62331.8123601615 0.813205408121175 309.332703821575 0.00496890380961517
3950 -3.47328909410328 -3.47600614537422 61538.2001264283 0.804760409887341 309.80454761232 0.00481986390670995
4050 -4.05482652421864 -4.05852107859965 60752.8340694817 0.796393630778547 310.273038726707 0.00467285399560787
4150 -4.64109582597462 -4.64592473924404 59975.6377364259 0.788104499814455 310.738054447737 0.00452790864674356
4250 -5.23217667043997 -5.23829951228479 59206.5352346106 0.779892445782375 311.199470878701 0.00438506236121853
4350 -5.82814840930996 -5.83572751946103 58445.451231985 0.771756896981469 311.657163120659 0.00424434949920153
4450 -6.42908989738396 -6.43829043986249 57692.3109577064 0.763697280956573 312.111005468434 0.00410580420271585
4550 -7.03507930180928 -7.04606931691291 56947.0402030162 0.755713024222143 312.560871625881 0.00396946031267878
4650 -7.64619389785713 -7.65914435148625 56209.5653223905 0.74780355197698 313.006634941155 0.0038353512800934
4750 -8.26250985109431 -8.27759468099194 55479.8132349747 0.739968287810588 313.448168662551 0.00370351007133271
4850 -8.88410198591862 -8.90149814437022 54757.7114263098 0.732206653402203 313.885346215437 0.00357396906750558
4950 -9.51104354055877 -9.53093103307175 54043.1879503572 0.724518068213783 314.318041500605 0.00344675995794688
5050 -10.1434059087777 -10.1659678282354 53336.1714318263 0.716901949178459 314.746129214241 0.00332191362793846
5150 -10.7812583686827 -10.806680924444 52636.5910688098 0.70935771038622 315.169485189506 0.00319946004083705
5250 -11.4246677992245 -11.4531403406192 51944.3766357273 0.701884762768864 315.587986759508 0.00307942811486293
5350 -12.0736983851638 -12.1054134188148 51259.4584865768 0.694482513786544 316.001513141187 0.00296184559488911
5450 -12.7284113114962 -12.7635645118854 50581.7675584929 0.687150367118503 316.409945839395 0.00284673891966353
5550 -13.3888644485567 -13.4276546612402 49911.2353756033 0.679887722360918 316.813169070111 0.00273413308499539
5650 -14.0551120292643 -14.0977412661368 49247.7940531777 0.672693974735031 317.211070201434 0.00262405150354226
5750 -14.7272043202215 -14.7738777462304 48591.3763020563 0.665568514809062 317.603540210646 0.00251651586194392
5850 -15.4051872886399 -15.4561131993535 47941.9154333419 0.658510728237647 317.990474155258 0.00241154597616143
5950 -16.0891022673281 -16.1444920567792 47299.3453633374 0.6515199955228 318.371771655588 0.00230915964599358
6050 -16.7789856202359 -16.8390537384797 46663.6006187053 0.64459569180063 318.747337386002 0.00220937250985577
6150 -17.4748684113003 -17.539832311159 46034.6163418212 0.637737186658197 319.117081571589 0.00211219790101598
6250 -18.1767760795814 -18.2468561520822 45412.3282962907 0.630943843985042 319.480920486629 0.0020176467065854
6350 -18.8847281238859 -18.9601476219509 44796.6728725918 0.624215021863976 319.838776950844 0.00192572723065566
6450 -19.5987378002703 -19.6797227502742 44187.5870938034 0.617550072505727 320.190580819079 0.00183644506305578
6550 -20.3188118359654 -20.4055909368418 43585.0086213746 0.610948342231953 320.53626945975 0.00174980295526793
6650 -21.0449501633697 -21.1377546730285 42988.8757608837 0.60440917151096 320.875788217111 0.00166580070508729
6750 -21.7771456778178 -21.8762092867198 42399.1274677355 0.5979318950502 321.209090852213 0.00158443505163536
6850 -22.5153840228245 -22.620942714657 41815.7033527372 0.591515841949265 321.536139957258 0.00150569958233378
6950 -23.2596434064355 -23.3719353059361 41238.543687494 0.585160335916605 321.856907338018 0.00142958465341598
7050 -24.0098944521805 -24.1291596602666 40667.5894095583 0.578864695552642 322.171374359005 0.0013560773254924
7150 -24.7661000879036 -24.8925805043837 40102.7821272688 0.572628234701262 322.479532246211 0.00128516131559231
7250 -25.5282154754642 -25.6621546097243 39544.0641242097 0.566450262870884 322.781382342475 0.00121681696697842
7350 -26.2961879839291 -26.4378307541136 38991.3783632232 0.560330085725462 323.076936310858 0.00115102123787171
7450 -27.0699572084409 -27.2195497297677 38444.668489906 0.554267005644813 323.366216281886 0.00108774771003225
7550 -27.8494550364401 -28.0072443994127 37903.8788355233 0.548260322352684 323.649254941022 0.00102696661792175
7650 -28.6346057623507 -28.8008398017426 37368.9544192736 0.542309333609925 323.926095553444 0.000968644898925783
7750 -29.4253262512176 -29.6002533068195 36839.8409498451 0.536413335969091 324.196791923883 0.000912746264845238
7850 -30.2215261511314 -30.4053948213459 36316.4848262025 0.530571625585735 324.461408290143 0.000859231294580315
7950 -31.0231081535901 -31.2161670430528 35798.8331375536 0.52478349908067 324.720019149763 0.000808057547634481
8050 -31.8299683002595 -32.0324657627383 35286.8336624485 0.519048254446514 324.972709020227 0.000759179697765545
8150 -32.6419963339108 -32.8541802117976 34780.4348669709 0.513365191990974 325.219572134044 0.00071254968581483
8250 -33.4590760906569 -33.6811934524076 34279.5859019905 0.50773361530858 325.460712070978 0.000668116890459778
8350 -34.2810859299919 -34.5133828069004 33784.2365994522 0.502152832271988 325.696241330579 0.000625828315368238
8450 -35.1078991985841 -35.3506203222795 33294.3374676884 0.496622156033477 325.926280849084 0.000585628790990776
8550 -35.9393847232832 -36.1927732653326 32809.8396857477 0.491140906027003 326.150959465482 0.000547461189016831
8650 -36.7754073284061 -37.0397046433719 32330.6950967461 0.485708408961066 326.370413342295 0.000511266647347017
8750 -37.6158283720564 -37.8912737453131 31856.8562002524 0.4803239997927 326.584785347174 0.000476984803301321
8850 -38.46050629603 -38.747336697578 31388.2761437329 0.474987022673149 326.794224401914 0.000444554032694541
8950 -39.3092971837577 -39.6077470291935 30924.9087130862 0.469696831856237 326.998884805817 0.000413911692367344
9050 -40.1620553207431 -40.472356240451 30466.7083223095 0.464452792561005 327.198925540531 0.000384994363764173
9150 -41.0186337520582 -41.3410143695845 30013.6300023448 0.459254281780926 327.39450956358 0.000357738095196606
9250 -41.8788848316672 -42.2135705521207 29565.6293891607 0.454100689032865 327.58580309772 0.000332078640519803
9350 -42.7426607586382 -43.0898735678432 29122.662711132 0.448991417039909 327.772974923051 0.000307951692077157
9450 -43.609814095672 -43.9697723706709 28684.6867757846 0.4439258823432 327.95619567853 0.000285293105929088
9550 -44.4801982658138 -44.8531165971894 28251.6589559762 0.438903515839017 328.135637179085 0.00026403911757077
9650 -45.3536680236929 -45.7397570500541 27823.5371755887 0.433923763238396 328.311471754036 0.000244126546554754
9750 -46.2300798981649 -46.6295461530118 27400.2798948082 0.428986085447718 328.483871611961 0.00022549298866131
9850 -47.1092926037681 -47.5223383748341 26981.8460950705 0.424089958869729 328.653008236494 0.000208076994496166
9950 -47.9911674189628 -48.4179906200163 26568.1952637506 0.419234875625453 328.819051816888 0.00019181823363574
